BFS<-c(93189,519989,74471,105529,466186,90802,21921,12856,117911,279705,246964,370299,187847,155056,475048,132923,150016,258512,121915,58027,24486,303920,117188,87121,310571,92634,127748,122417,79237,105056,141325,34197,66774,220818,3221,234282,158332,57431,64707,198630,164568,165063,25584,309584,53445,362680,322835,216742,120660,341851,2368,290002,181575,99308,253020,36022,291595,437722,137996,236850,209361,16905,69603,114325,155284,219911,21290,123575,63061,103567,180464,92976,494626,84325,169419,331458,43645,406975,222867,192088,163174,52479,144354,236549,453371,527711,211074,96386,505980,80206,146027,160025,52417,252921,66165,508408,412067,37007,358395,18135,395,137,154,645,358,292,636,550,302,101,644,84,182,620,111,675,351,328,79,98,314,245,232,511,345,123,238,135,284,315,272,444,170,391,369,342,232,326,159,157,417,82,363,137,97,286,105,184,98,722,493,265,379,78,480,172,86,182,478,260,480,478,73,441,443,610,374,486,372,264,792,159,278,735,530,612,412,134,368,192,112,353,245,314,181,93,108,171,508,119,551,89,175,190,123,458,188,700,324,246,893,1257,971,2687,1015,538,725,1209,2950,3301,3574,1023,2247,121,1773,2137,1901,170,1310,3740,1765,1528,3106,1072,1480,2773,5302,318,2117,1049,493,4153,1914,2916,3041,247,147,1970,91,2790,4733,3105,2300,2999,1973,1279,1114,1969,1501,230,769,1204,3772,254,2043,2152,3183,388,1796,4604,509,2550,687,241,1979,1615,2199,1232,2082,3132,2603,1205,2169,1082,456,1528,1997,2470,696,4098,72,224,93,3493,2716,1702,5031,1896,2524,894,2096,1948,2037,1274,210,3747,2812,1399,690,62,74526,6318,34583,1167,10464,17502,9057,70451,1651,6866,33915,15545,743,46091,16431,37936,4775,55875,7700,20754,26136,2167,27794,15764,5042,11299,3239,29861,18343,19260,29073,10303,15985,51659,3644,19927,2602,6748,8690,39446,46904,21539,41637,3022,12520,22188,7134,4590,2457,16771,40466,15713,6126,33215,30425,3454,14446,8030,14428,14302,14308,14034,491,23959,12645,16647,14349,11297,21772,27650,13538,13357,18941,19111,4503,2661,6581,6000,7621,30260,16234,8030,11851,14237,30202,26674,1919,4337,5243,7915,22336,28255,45858,3925,17021,8901,10580,3721,3079,21080,198,201,269,133,152,222,170,240,183,131,164,209,194,157,128,136,128,136,127,213,193,141,198,170,158,209,268,129,108,127,156,132,224,209,179,281,192,127,131,120,166,173,130,141,124,114,140,209,142,194,204,104,200,138,195,237,143,119,162,159,138,180,184,170,167,149,131,204,147,181,183,115,228,135,169,127,147,145,134,204,186,177,104,120,221,154,209,209,177,125,282,132,190,134,185,119,153,132,139,227)
DFS<-c(1.77E+06,1.34E+06,1.47E+06,579591,881430,370502,24211,163567,931702,2.14E+06,876800,62511,1.06E+06,49027,1.31E+06,1.14E+06,1.58E+06,606280,934906,562775,261586,1.72E+06,848593,27219,43038,345624,885830,1.46E+06,1.83E+06,461216,829536,1.05E+06,1.05E+06,296585,839444,1.00E+06,79029,1.27E+06,1.18E+06,581405,1.99E+06,185253,255357,52131,758511,444927,176709,1.07E+06,746749,352743,1.18E+06,337112,198375,577084,1.53E+06,1.57E+06,1.50E+06,1.08E+06,701918,1.32E+06,1.37E+06,918087,1.29E+06,1.17E+06,1.60E+06,897141,73989,1.45E+06,499444,788917,139070,2.38E+06,1.54E+06,1.26E+06,243832,160471,339394,864690,1.06E+06,656196,1.89E+06,1.95E+06,1.15E+06,1.34E+06,1.22E+06,1.88E+06,850378,689021,1.70E+06,57541,1.69E+06,1.19E+06,803658,1.42E+06,1.05E+06,1.73E+06,907631,1.44E+06,484389,1.24E+06,1472,2526,2389,1782,1975,856,1723,1034,639,2218,1786,314,238,1490,430,1978,1560,956,1173,1240,939,2715,734,644,877,1465,3034,1191,2707,892,2689,2656,268,1370,1974,1655,1475,1388,1944,1110,2100,780,1250,1538,1056,1811,364,646,1522,2406,475,2648,1582,1900,358,2531,612,2786,352,1990,375,351,542,2392,2264,1395,1878,32524,1436,583,539,2501,2814,2830,1206,1487,2019,1691,2164,2032,2557,1040,1618,911,1983,94,753,1840,636,2843,999,1612,2418,753,1570,2918,568,2264,640,2253,6130,17900,8191,445,9992,8793,709,13604,2603,8188,8016,10564,15245,2489,10131,13142,9766,10221,23155,10303,12008,4541,3977,9516,1950,1951,603,10309,14938,10888,6832,15420,9472,2412,6736,1226,14602,11746,9695,2596,21707,4050,19851,2942,10816,23186,11871,10697,2838,1794,2449,18590,9824,13742,11742,15236,4838,517,6913,17547,9068,16039,23351,944,9866,4573,18833,17909,14745,4344,14237,16550,13102,15758,2619,5942,11263,18019,19146,13575,10693,29850,108,7176,438,5852,20105,9096,20477,6421,24089,16405,36579,517,13824,11990,3554,3048,830,86,73532,148718,17994,2532,138406,79696,166090,162513,71838,57020,113211,130131,205064,42349,121679,186686,142943,125287,83540,541,76268,159416,66462,178011,138667,38716,46345,100344,196669,203415,77471,4206,100688,99893,122695,187141,162414,125618,196262,15327,65852,42437,34319,61370,51366,56404,120971,168148,6230,195770,24207,177498,45708,122174,114649,159068,129355,181284,84004,155317,95661,132133,106207,76189,55985,120976,82898,58957,24854,86877,87125,65411,228413,3417,135942,26469,87986,41162,135287,141716,143088,116382,39313,149264,126318,143679,94284,131793,31270,169049,49755,160494,70367,99979,184028,131931,37546,166523,78364,37903,580,914,730,362,425,701,688,681,446,518,676,246,805,535,592,837,987,311,746,813,324,848,396,395,246,912,726,521,454,141,300,316,703,1008,899,947,703,153,505,754,225,338,815,198,280,122,348,781,481,536,556,451,650,193,844,284,709,549,418,613,365,935,306,747,346,416,481,672,884,620,564,1004,641,806,499,481,318,478,763,457,251,804,298,150,766,256,646,399,597,148,498,630,1003,553,591,136,520,165,162,239)
N<-c(842504,851090,970516,589628,823179,565615,784338,993303,813964,996040,996577,917370,573005,730587,931615,594744,654830,901643,579083,557424,743964,703031,589629,947395,535138,617742,507691,849344,902494,546188,759412,522970,693246,917952,719767,956549,847778,919082,747705,594331,889532,853190,886084,782710,783514,726199,715158,907128,523466,682153,627151,943469,644715,592518,891787,694600,890882,719632,985605,960650,636671,561073,660612,741210,922763,786360,661095,800198,526946,656005,862032,992794,934929,673615,560815,855484,766397,741033,920668,680044,787199,974725,506955,896506,844306,914483,810437,667111,992696,521784,847109,522242,861272,855766,716686,980724,726654,742324,627648,562480,561,758,786,885,818,788,796,734,740,651,909,602,662,890,558,819,834,558,966,509,936,929,557,872,511,881,988,796,810,644,947,789,924,537,771,802,718,941,615,989,697,508,580,946,670,632,863,546,564,944,935,803,642,741,825,755,569,957,943,620,596,985,515,717,677,785,728,676,643,658,589,971,952,501,918,738,663,702,938,599,848,704,553,900,748,527,567,650,763,843,924,608,867,587,994,991,549,915,802,671,6088,7869,5439,5612,6177,7580,7466,6068,6289,9053,6354,7435,7167,5106,9451,7343,7851,7938,9381,8497,9870,8627,6290,5256,7884,9836,9376,6404,8954,6668,5393,9115,7042,6067,9478,5945,5871,8610,7541,8928,9578,5363,9494,6361,7964,9475,8073,6649,5707,5345,5734,8770,6020,8284,8027,8698,6481,5385,6907,8448,5991,6213,9797,9107,7063,5415,9766,7350,9133,5667,5370,7399,6920,9389,5883,9638,7293,7707,7406,8594,6037,9385,7595,6847,7882,8127,8177,8897,8511,5581,9432,9838,7804,6173,8384,8025,6744,7755,5426,6383,78280,67248,93584,64468,61893,53144,89773,96322,81463,55474,62116,82438,76988,94827,73388,80251,61764,89789,62882,75285,76419,83645,60962,96749,53945,97747,61468,71795,86269,83209,51568,51392,56240,93282,85486,72799,58085,94071,92456,82396,92964,84080,97568,74626,54868,84478,82143,73379,85243,96010,87718,95960,50571,63611,72092,95525,84709,90755,50643,96602,70951,87716,85714,78788,66597,64787,58739,87777,54526,70341,73457,62526,94028,74770,58651,91415,77330,60471,82144,83820,72084,66989,50717,92877,76055,65288,66317,64136,77246,91026,97829,98808,99845,57146,99111,61018,98455,88423,80636,87262,65,68,88,55,63,66,67,73,64,100,91,68,72,68,76,85,85,92,70,92,94,84,60,72,58,86,100,59,93,76,87,62,54,96,85,83,63,82,67,99,61,50,87,60,50,68,59,73,58,70,57,66,74,59,89,91,60,59,57,98,87,92,84,76,79,64,68,69,89,84,82,98,70,93,65,67,78,50,88,86,70,71,54,79,86,55,85,56,55,86,95,66,95,51,95,55,99,52,57,97)
#llenamos los vectores

n<-length(N)
boxplot(DFS-BFS)
hist(DFS-BFS)

#esto es solo necesario si no sigue la normal:
bfs<-log(BFS)
dfs<-log(DFS)
#-------
